"Date"	"Tweet Prediction Date"	"Open"	"High"	"Low"	"Close"	"Volume"	"Ex-Dividend"	"Split Ratio"	"Adj. Open"	"Adj. High"	"Adj. Low"	"Adj. Close"	"Adj. Volume"	"+/-"	"% change"
"2016-07-01"	"2016-06-28"	"57.54"	"58.0"	"57.42"	"57.94"	"7868316.0"	"0.0"	"1.0"	"55.8565742832"	"56.3031162396"	"55.7400850772"	"56.2448716365"	"7868316.0"	"+"	"0.695168578243"
"2016-07-05"	"2016-07-02"	"57.78"	"58.17"	"57.78"	"58.0"	"7394103.0"	"0.0"	"1.0"	"56.0895526952"	"56.4681426147"	"56.0895526952"	"56.3031162396"	"7394103.0"	"+"	"0.380754586439"
"2016-07-06"	"2016-07-03"	"58.27"	"59.27"	"58.07"	"59.16"	"14327606.0"	"0.0"	"1.0"	"56.5652169531"	"57.5359603365"	"56.3710682764"	"57.4291785643"	"14327606.0"	"+"	"1.52737257583"
"2016-07-07"	"2016-07-04"	"58.89"	"59.02"	"58.29"	"58.78"	"9351899.0"	"0.0"	"1.0"	"57.1670778508"	"57.2932744907"	"56.5846318207"	"57.0602960786"	"9351899.0"	"-"	"-0.186788928549"
"2016-07-08"	"2016-07-05"	"58.98"	"59.57"	"58.8"	"59.35"	"9479430.0"	"0.0"	"1.0"	"57.2544447553"	"57.8271833516"	"57.0797109463"	"57.6136198072"	"9479430.0"	"+"	"0.627331298793"
"2016-07-11"	"2016-07-08"	"59.26"	"59.75"	"59.2"	"59.34"	"7336641.0"	"0.0"	"1.0"	"57.5262529027"	"58.0019171606"	"57.4680082997"	"57.6039123734"	"7336641.0"	"+"	"0.134998312564"
"2016-07-12"	"2016-07-09"	"59.27"	"59.79"	"59.075"	"59.6"	"8401273.0"	"0.0"	"1.0"	"57.5359603365"	"58.0407468959"	"57.3466653768"	"57.8563056531"	"8401273.0"	"+"	"0.55677408481"
"2016-07-13"	"2016-07-10"	"59.78"	"59.95"	"59.4801"	"59.55"	"6793085.0"	"0.0"	"1.0"	"58.0310394621"	"58.1960658373"	"57.7399135214"	"57.8077684839"	"6793085.0"	"-"	"-0.384744061574"
"2016-07-14"	"2016-07-11"	"59.87"	"59.93"	"59.48"	"59.65"	"7345381.0"	"0.0"	"1.0"	"58.1184063666"	"58.1766509696"	"57.739816447"	"57.9048428222"	"7345381.0"	"-"	"-0.367462836219"
"2016-07-15"	"2016-07-12"	"59.8"	"59.93"	"59.25"	"59.63"	"8148190.0"	"0.0"	"1.0"	"58.0504543297"	"58.1766509696"	"57.5165454689"	"57.8854279546"	"8148190.0"	"-"	"-0.284280936309"
"2016-07-18"	"2016-07-15"	"59.0"	"59.49"	"58.715"	"59.02"	"8754197.0"	"0.0"	"1.0"	"57.273859623"	"57.7495238809"	"56.9971977587"	"57.2932744907"	"8754197.0"	"+"	"0.0338983051392"
"2016-07-19"	"2016-07-16"	"59.08"	"59.495"	"58.56"	"58.66"	"8881337.0"	"0.0"	"1.0"	"57.3515190937"	"57.7543775978"	"56.8467325343"	"56.9438068726"	"8881337.0"	"-"	"-0.710900474029"
"2016-07-20"	"2016-07-17"	"59.0"	"59.119"	"58.76"	"58.79"	"6475748.0"	"0.0"	"1.0"	"57.273859623"	"57.3893780856"	"57.040881211"	"57.0700035125"	"6475748.0"	"-"	"-0.35593220335"
"2016-07-21"	"2016-07-18"	"59.0"	"59.105"	"58.56"	"58.79"	"6119844.0"	"0.0"	"1.0"	"57.273859623"	"57.3757876783"	"56.8467325343"	"57.0700035125"	"6119844.0"	"-"	"-0.35593220335"
"2016-07-22"	"2016-07-19"	"58.99"	"59.08"	"58.55"	"58.82"	"6269481.0"	"0.0"	"1.0"	"57.2641521892"	"57.3515190937"	"56.8370251004"	"57.099125814"	"6269481.0"	"-"	"-0.288184438067"
"2016-07-25"	"2016-07-22"	"58.63"	"58.88"	"57.98"	"58.56"	"8037217.0"	"0.0"	"1.0"	"56.9146845711"	"57.157370417"	"56.2837013719"	"56.8467325343"	"8037217.0"	"-"	"-0.119392802248"
"2016-07-26"	"2016-07-23"	"58.7"	"58.8101"	"58.135"	"58.36"	"7150768.0"	"0.0"	"1.0"	"56.982636608"	"57.0895154545"	"56.4341665963"	"56.6525838576"	"7150768.0"	"-"	"-0.579216354397"
"2016-07-27"	"2016-07-24"	"58.39"	"58.72"	"57.93"	"58.6"	"7882987.0"	"0.0"	"1.0"	"56.6817061591"	"57.0020514756"	"56.2351642027"	"56.8855622696"	"7882987.0"	"+"	"0.359650625067"
"2016-07-28"	"2016-07-25"	"58.52"	"58.59"	"58.1061"	"58.43"	"7289712.0"	"0.0"	"1.0"	"56.8079027989"	"56.8758548358"	"56.4061121125"	"56.7205358944"	"7289712.0"	"-"	"-0.153793574829"
"2016-07-29"	"2016-07-26"	"59.01"	"59.2"	"58.27"	"58.66"	"8490917.0"	"0.0"	"1.0"	"57.2835670568"	"57.4680082997"	"56.5652169531"	"56.9438068726"	"8490917.0"	"-"	"-0.593119810195"
"2016-08-01"	"2016-07-29"	"58.83"	"59.0"	"58.5"	"58.66"	"8871180.0"	"0.0"	"1.0"	"57.1088332478"	"57.273859623"	"56.7884879313"	"56.9438068726"	"8871180.0"	"-"	"-0.288968213523"
"2016-08-02"	"2016-07-30"	"58.68"	"58.73"	"58.25"	"58.33"	"6826271.0"	"0.0"	"1.0"	"56.9632217403"	"57.0117589095"	"56.5458020854"	"56.6234615561"	"6826271.0"	"-"	"-0.596455351049"
"2016-08-03"	"2016-07-31"	"58.17"	"58.3"	"57.18"	"57.65"	"9637335.0"	"0.0"	"1.0"	"56.4681426147"	"56.5943392546"	"55.5071066651"	"55.9633560553"	"9637335.0"	"-"	"-0.893931579872"
"2016-08-04"	"2016-08-01"	"57.74"	"58.23"	"57.74"	"57.84"	"5541344.0"	"0.0"	"1.0"	"56.0507229599"	"56.5263872177"	"56.0507229599"	"56.1477972982"	"5541344.0"	"+"	"0.17319016272"
"2016-08-05"	"2016-08-02"	"62.51"	"64.0"	"60.74"	"63.86"	"72875999.0"	"0.0"	"1.0"	"60.6811688989"	"62.1275765402"	"58.9629531102"	"61.9916724665"	"72875999.0"	"+"	"2.15965445521"
"2016-08-08"	"2016-08-05"	"62.66"	"63.02"	"61.95"	"62.86"	"25045257.0"	"0.0"	"1.0"	"60.8267804064"	"61.1762480244"	"60.1375526041"	"61.0209290831"	"25045257.0"	"+"	"0.319182891816"
"2016-08-09"	"2016-08-06"	"62.86"	"63.14"	"62.43"	"62.49"	"12234367.0"	"0.0"	"1.0"	"61.0209290831"	"61.2927372304"	"60.6035094282"	"60.6617540312"	"12234367.0"	"-"	"-0.588609608698"
"2016-08-10"	"2016-08-07"	"62.09"	"63.1"	"62.07"	"62.64"	"8835354.0"	"0.0"	"1.0"	"60.2734566778"	"61.2539074951"	"60.2540418102"	"60.8073655387"	"8835354.0"	"+"	"0.885810919646"
"2016-08-11"	"2016-08-08"	"62.61"	"63.73"	"62.48"	"63.63"	"10365025.0"	"0.0"	"1.0"	"60.7782432372"	"61.8654758267"	"60.6520465974"	"61.7684014883"	"10365025.0"	"+"	"1.62913272639"
"2016-08-12"	"2016-08-09"	"63.14"	"63.45"	"62.93"	"63.35"	"6244281.0"	"0.0"	"1.0"	"61.2927372304"	"61.5936676793"	"61.0888811199"	"61.496593341"	"6244281.0"	"+"	"0.33259423516"
"2016-08-15"	"2016-08-12"	"63.35"	"63.75"	"63.21"	"63.32"	"6650069.0"	"0.0"	"1.0"	"61.496593341"	"61.8848906943"	"61.3606892673"	"61.4674710395"	"6650069.0"	"-"	"-0.0473559589529"
"2016-08-16"	"2016-08-13"	"63.0"	"63.32"	"62.84"	"63.04"	"5680058.0"	"0.0"	"1.0"	"61.1568331568"	"61.4674710395"	"61.0015142154"	"61.1956628921"	"5680058.0"	"+"	"0.0634920634305"
"2016-08-17"	"2016-08-14"	"63.03"	"63.43"	"62.6"	"63.29"	"8271531.0"	"0.0"	"1.0"	"61.1859554583"	"61.5742528116"	"60.7685358034"	"61.438348738"	"8271531.0"	"+"	"0.412501983191"
"2016-08-18"	"2016-08-15"	"63.08"	"63.64"	"63.08"	"63.63"	"6926572.0"	"0.0"	"1.0"	"61.2344926274"	"61.7781089222"	"61.2344926274"	"61.7684014883"	"6926572.0"	"+"	"0.871908687394"
"2016-08-19"	"2016-08-16"	"63.18"	"63.44"	"62.87"	"63.36"	"8480039.0"	"0.0"	"1.0"	"61.3315669658"	"61.5839602455"	"61.0306365169"	"61.5063007748"	"8480039.0"	"+"	"0.284900284869"
"2016-08-22"	"2016-08-19"	"63.25"	"63.64"	"63.08"	"63.55"	"6447228.0"	"0.0"	"1.0"	"61.3995190026"	"61.7781089222"	"61.2344926274"	"61.6907420176"	"6447228.0"	"+"	"0.474308300343"
"2016-08-23"	"2016-08-20"	"63.71"	"63.88"	"63.37"	"63.58"	"5798353.0"	"0.0"	"1.0"	"61.846060959"	"62.0110873342"	"61.5160082086"	"61.7198643191"	"5798353.0"	"-"	"-0.204049599834"
"2016-08-24"	"2016-08-21"	"63.6"	"63.78"	"62.51"	"62.73"	"7477273.0"	"0.0"	"1.0"	"61.7392791868"	"61.9140129958"	"60.6811688989"	"60.8947324432"	"7477273.0"	"-"	"-1.36792452831"
"2016-08-25"	"2016-08-22"	"62.86"	"63.1"	"62.27"	"62.32"	"7947489.0"	"0.0"	"1.0"	"61.0209290831"	"61.2539074951"	"60.4481904868"	"60.496727656"	"7947489.0"	"-"	"-0.859051861348"
"2016-08-26"	"2016-08-23"	"62.48"	"62.988"	"62.18"	"62.85"	"7793815.0"	"0.0"	"1.0"	"60.6520465974"	"61.1451842362"	"60.3608235823"	"61.0112216492"	"7793815.0"	"+"	"0.59218950052"
"2016-08-29"	"2016-08-26"	"62.92"	"63.29"	"62.64"	"63.01"	"5575752.0"	"0.0"	"1.0"	"61.0791736861"	"61.438348738"	"60.8073655387"	"61.1665405906"	"5575752.0"	"+"	"0.143038779387"
"2016-08-30"	"2016-08-27"	"62.96"	"63.03"	"62.505"	"62.71"	"6178036.0"	"0.0"	"1.0"	"61.1180034214"	"61.1859554583"	"60.676315182"	"60.8753175756"	"6178036.0"	"-"	"-0.397077509432"
"2016-08-31"	"2016-08-28"	"63.08"	"63.12"	"62.42"	"62.79"	"8860461.0"	"0.0"	"1.0"	"61.2344926274"	"61.2733223628"	"60.5938019944"	"60.9529770462"	"8860461.0"	"-"	"-0.459733671532"
"2016-09-01"	"2016-08-29"	"62.7"	"62.98"	"62.39"	"62.9"	"6544694.0"	"0.0"	"1.0"	"60.8656101417"	"61.1374182891"	"60.5646796929"	"61.0597588184"	"6544694.0"	"+"	"0.318979266367"
"2016-09-02"	"2016-08-30"	"62.59"	"63.27"	"62.59"	"62.98"	"7613244.0"	"0.0"	"1.0"	"60.7588283695"	"61.4189338703"	"60.7588283695"	"61.1374182891"	"7613244.0"	"+"	"0.623102732162"
"2016-09-06"	"2016-09-03"	"62.99"	"63.47"	"62.77"	"63.24"	"7930326.0"	"0.0"	"1.0"	"61.1471257229"	"61.613082547"	"60.9335621786"	"61.3898115688"	"7930326.0"	"+"	"0.396888395049"
"2016-09-07"	"2016-09-04"	"63.31"	"63.49"	"62.595"	"62.87"	"8668038.0"	"0.0"	"1.0"	"61.4577636056"	"61.6324974146"	"60.7636820865"	"61.0306365169"	"8668038.0"	"-"	"-0.694992892096"
"2016-09-08"	"2016-09-05"	"62.45"	"63.29"	"62.33"	"63.24"	"9186287.0"	"0.0"	"1.0"	"60.6229242959"	"61.438348738"	"60.5064350898"	"61.3898115688"	"9186287.0"	"+"	"1.26501200958"
"2016-09-09"	"2016-09-06"	"62.69"	"62.71"	"62.32"	"62.49"	"12587535.0"	"0.0"	"1.0"	"60.8559027079"	"60.8753175756"	"60.496727656"	"60.6617540312"	"12587535.0"	"-"	"-0.319030148368"
"2016-09-12"	"2016-09-09"	"62.0"	"63.49"	"61.91"	"63.19"	"10629499.0"	"0.0"	"1.0"	"60.1860897733"	"61.6324974146"	"60.0987228688"	"61.3412743996"	"10629499.0"	"+"	"1.91935483872"
"2016-09-13"	"2016-09-10"	"62.37"	"62.78"	"61.37"	"61.81"	"10223437.0"	"0.46"	"1.0"	"60.9958524618"	"61.3968192649"	"60.0178846494"	"60.4481904868"	"10223437.0"	"-"	"-0.897867564591"
"2016-09-14"	"2016-09-11"	"61.92"	"62.34"	"61.3"	"61.35"	"10421771.0"	"0.0"	"1.0"	"60.5557669462"	"60.9665134274"	"59.9494269025"	"59.9983252931"	"10421771.0"	"-"	"-0.920542635675"
"2016-09-15"	"2016-09-12"	"61.24"	"62.605"	"61.12"	"62.38"	"9026862.0"	"0.0"	"1.0"	"59.8907488338"	"61.2256748977"	"59.7733926963"	"61.0056321399"	"9026862.0"	"+"	"1.86152841267"
"2016-09-16"	"2016-09-13"	"62.45"	"62.62"	"62.06"	"62.28"	"12431993.0"	"0.0"	"1.0"	"61.0740898868"	"61.2403444149"	"60.69268244"	"60.9078353587"	"12431993.0"	"-"	"-0.272217774195"
"2016-09-19"	"2016-09-16"	"62.54"	"62.54"	"61.315"	"61.33"	"11287630.0"	"0.0"	"1.0"	"61.1621069899"	"61.1621069899"	"59.9640964197"	"59.9787659369"	"11287630.0"	"-"	"-1.9347617524"
"2016-09-20"	"2016-09-17"	"61.9"	"62.41"	"61.69"	"61.94"	"9211610.0"	"0.0"	"1.0"	"60.53620759"	"61.0349711743"	"60.3308343493"	"60.5753263025"	"9211610.0"	"+"	"0.064620355416"
"2016-09-21"	"2016-09-18"	"62.26"	"62.82"	"61.86"	"62.7"	"7219032.0"	"0.0"	"1.0"	"60.8882760024"	"61.4359379774"	"60.4970888775"	"61.3185818399"	"7219032.0"	"+"	"0.706713780963"
"2016-09-22"	"2016-09-19"	"62.92"	"63.47"	"62.83"	"63.02"	"8447562.0"	"0.0"	"1.0"	"61.5337347586"	"62.0716170555"	"61.4457176555"	"61.6315315399"	"8447562.0"	"+"	"0.158931977205"
"2016-09-23"	"2016-09-20"	"62.87"	"63.25"	"62.7"	"62.96"	"7679801.0"	"0.0"	"1.0"	"61.484836368"	"61.8564641368"	"61.3185818399"	"61.5728534711"	"7679801.0"	"+"	"0.143152536949"
"2016-09-26"	"2016-09-23"	"62.53"	"62.5799"	"61.88"	"62.15"	"6983821.0"	"0.0"	"1.0"	"61.1523273118"	"61.2011279056"	"60.5166482337"	"60.7806995431"	"6983821.0"	"-"	"-0.607708299972"
"2016-09-27"	"2016-09-24"	"62.31"	"62.7"	"61.83"	"62.57"	"7340756.0"	"0.0"	"1.0"	"60.9371743931"	"61.3185818399"	"60.4677498431"	"61.1914460243"	"7340756.0"	"+"	"0.417268496172"
"2016-09-28"	"2016-09-25"	"63.0"	"63.48"	"62.495"	"63.3"	"11782741.0"	"0.0"	"1.0"	"61.6119721836"	"62.0813967336"	"61.1180984384"	"61.9053625274"	"11782741.0"	"+"	"0.476190476302"
"2016-09-29"	"2016-09-26"	"63.02"	"63.02"	"61.56"	"61.91"	"10930029.0"	"0.0"	"1.0"	"61.6315315399"	"61.6315315399"	"60.2036985337"	"60.5459872681"	"10930029.0"	"-"	"-1.76134560456"
"2016-09-30"	"2016-09-27"	"61.89"	"62.73"	"61.86"	"62.41"	"13600560.0"	"0.0"	"1.0"	"60.5264279118"	"61.3479208743"	"60.4970888775"	"61.0349711743"	"13600560.0"	"+"	"0.840200355522"
"2016-10-03"	"2016-09-30"	"62.22"	"62.57"	"61.67"	"62.52"	"7520012.0"	"0.0"	"1.0"	"60.8491572899"	"61.1914460243"	"60.3112749931"	"61.1425476337"	"7520012.0"	"+"	"0.482160077258"
"2016-10-04"	"2016-10-01"	"62.48"	"62.95"	"61.94"	"62.46"	"7897397.0"	"0.0"	"1.0"	"61.1034289212"	"61.563073793"	"60.5753263025"	"61.0838695649"	"7897397.0"	"-"	"-0.0320102433617"
"2016-10-05"	"2016-10-02"	"62.7"	"63.035"	"62.48"	"62.8"	"7871322.0"	"0.0"	"1.0"	"61.3185818399"	"61.6462010571"	"61.1034289212"	"61.4163786212"	"7871322.0"	"+"	"0.159489633265"
"2016-10-06"	"2016-10-03"	"62.49"	"62.69"	"61.74"	"62.66"	"11430486.0"	"0.0"	"1.0"	"61.1132085993"	"61.3088021618"	"60.37973274"	"61.2794631274"	"11430486.0"	"+"	"0.27204352694"
"2016-10-07"	"2016-10-04"	"62.77"	"62.99"	"62.03"	"62.77"	"10770473.0"	"0.0"	"1.0"	"61.3870395868"	"61.6021925055"	"60.6633434056"	"61.3870395868"	"10770473.0"	"-"	"0.0"
"2016-10-10"	"2016-10-07"	"64.21"	"64.855"	"63.44"	"63.9"	"20345855.0"	"0.0"	"1.0"	"62.7953132367"	"63.4261024757"	"62.0422780211"	"62.4921432148"	"20345855.0"	"-"	"-0.482790842618"
"2016-10-11"	"2016-10-08"	"63.53"	"63.55"	"61.75"	"61.93"	"13955380.0"	"0.0"	"1.0"	"62.1302951242"	"62.1498544805"	"60.3895124181"	"60.5655466243"	"13955380.0"	"-"	"-2.51849519912"
"2016-10-12"	"2016-10-09"	"62.4"	"62.63"	"61.58"	"61.66"	"10121895.0"	"0.0"	"1.0"	"61.0251914962"	"61.250124093"	"60.22325789"	"60.301495315"	"10121895.0"	"-"	"-1.18589743589"
"2016-10-13"	"2016-10-10"	"62.25"	"62.95"	"61.94"	"62.51"	"14541462.0"	"0.0"	"1.0"	"60.8784963243"	"61.563073793"	"60.5753263025"	"61.1327679556"	"14541462.0"	"+"	"0.417670682839"
"2016-10-14"	"2016-10-11"	"62.72"	"62.86"	"62.13"	"62.14"	"12204208.0"	"0.0"	"1.0"	"61.3381411962"	"61.4750566899"	"60.7611401868"	"60.7709198649"	"12204208.0"	"-"	"-0.924744898098"
"2016-10-17"	"2016-10-14"	"62.05"	"62.05"	"60.8"	"61.52"	"13054599.0"	"0.0"	"1.0"	"60.6829027618"	"60.6829027618"	"59.4604429963"	"60.1645798212"	"13054599.0"	"-"	"-0.854149879142"
"2016-10-18"	"2016-10-15"	"61.9"	"62.62"	"61.83"	"62.09"	"9987994.0"	"0.0"	"1.0"	"60.53620759"	"61.2403444149"	"60.4677498431"	"60.7220214743"	"9987994.0"	"+"	"0.306946688102"
"2016-10-19"	"2016-10-16"	"62.13"	"62.3"	"61.81"	"61.87"	"5582664.0"	"0.0"	"1.0"	"60.7611401868"	"60.9273947149"	"60.4481904868"	"60.5068685556"	"5582664.0"	"-"	"-0.41847738607"
"2016-10-20"	"2016-10-17"	"61.95"	"62.265"	"61.69"	"61.92"	"6323380.0"	"0.0"	"1.0"	"60.5851059806"	"60.8931658415"	"60.3308343493"	"60.5557669462"	"6323380.0"	"-"	"-0.0484261501653"
"2016-10-21"	"2016-10-18"	"61.55"	"61.9"	"61.03"	"61.2"	"7397586.0"	"0.0"	"1.0"	"60.1939188556"	"60.53620759"	"59.6853755931"	"59.8516301213"	"7397586.0"	"-"	"-0.568643379277"
"2016-10-24"	"2016-10-21"	"61.4"	"61.48"	"60.635"	"60.75"	"9940882.0"	"0.0"	"1.0"	"60.0472236837"	"60.1254611087"	"59.2990783072"	"59.4115446057"	"9940882.0"	"-"	"-1.05863192168"
"2016-10-25"	"2016-10-22"	"60.27"	"62.19"	"59.55"	"61.95"	"15188534.0"	"0.0"	"1.0"	"58.9421200557"	"60.8198182556"	"58.2379832307"	"60.5851059806"	"15188534.0"	"+"	"2.787456446"
"2016-10-26"	"2016-10-23"	"61.74"	"61.85"	"60.55"	"60.87"	"9947711.0"	"0.0"	"1.0"	"60.37973274"	"60.4873091993"	"59.2159510432"	"59.5289007431"	"9947711.0"	"-"	"-1.40913508273"
"2016-10-27"	"2016-10-24"	"61.15"	"62.06"	"61.0"	"61.29"	"10350697.0"	"0.0"	"1.0"	"59.8027317306"	"60.69268244"	"59.6560365588"	"59.9396472244"	"10350697.0"	"+"	"0.228945216778"
"2016-10-28"	"2016-10-25"	"61.02"	"61.07"	"58.45"	"58.84"	"20357108.0"	"0.0"	"1.0"	"59.675595915"	"59.7244943056"	"57.162218637"	"57.5436260839"	"20357108.0"	"-"	"-3.57259914779"
"2016-10-31"	"2016-10-28"	"59.09"	"59.15"	"58.3655"	"58.72"	"14254834.0"	"0.0"	"1.0"	"57.788118037"	"57.8467961058"	"57.0795803569"	"57.4262699464"	"14254834.0"	"-"	"-0.626163479434"
"2016-11-01"	"2016-10-29"	"59.0"	"59.585"	"58.51"	"59.3"	"14347359.0"	"0.0"	"1.0"	"57.7001009339"	"58.2722121042"	"57.2208967058"	"57.9934912776"	"14347359.0"	"+"	"0.508474576216"
"2016-11-02"	"2016-10-30"	"59.06"	"59.51"	"58.75"	"58.84"	"10722865.0"	"0.0"	"1.0"	"57.7587790026"	"58.1988645182"	"57.4556089808"	"57.5436260839"	"10722865.0"	"-"	"-0.372502539727"
"2016-11-03"	"2016-10-31"	"59.18"	"59.22"	"58.29"	"58.43"	"11323033.0"	"0.0"	"1.0"	"57.8761351401"	"57.9152538526"	"57.0057437871"	"57.1426592808"	"11323033.0"	"-"	"-1.2673200405"
"2016-11-04"	"2016-11-01"	"58.69"	"59.265"	"58.61"	"58.82"	"11318375.0"	"0.0"	"1.0"	"57.396930912"	"57.9592624042"	"57.318693487"	"57.5240667277"	"11318375.0"	"+"	"0.221502811526"
"2016-11-07"	"2016-11-04"	"59.52"	"60.21"	"59.48"	"60.05"	"10478263.0"	"0.0"	"1.0"	"58.2086441964"	"58.8834419869"	"58.1695254839"	"58.726967137"	"10478263.0"	"+"	"0.890456989259"
"2016-11-08"	"2016-11-05"	"59.82"	"60.78"	"59.52"	"60.51"	"7942104.0"	"0.0"	"1.0"	"58.5020345401"	"59.44088364"	"58.2086441964"	"59.1768323307"	"7942104.0"	"+"	"1.15346038117"
"2016-11-09"	"2016-11-06"	"63.96"	"65.0"	"62.76"	"64.18"	"27851126.0"	"0.0"	"1.0"	"62.5508212836"	"63.5679078085"	"61.3772599087"	"62.7659742023"	"27851126.0"	"+"	"0.343964978053"
"2016-11-10"	"2016-11-07"	"64.54"	"65.46"	"64.52"	"64.96"	"17862251.0"	"0.0"	"1.0"	"63.1180426148"	"64.0177730022"	"63.0984832586"	"63.528789096"	"17862251.0"	"+"	"0.65075921905"
"2016-11-11"	"2016-11-08"	"64.08"	"64.51"	"63.58"	"63.95"	"14059705.0"	"0.0"	"1.0"	"62.6681774211"	"63.0887035804"	"62.1791935149"	"62.5410416055"	"14059705.0"	"-"	"-0.202871410709"
"2016-11-14"	"2016-11-11"	"64.0"	"64.09"	"63.24"	"63.53"	"10124450.0"	"0.0"	"1.0"	"62.5899399961"	"62.6779570992"	"61.8466844586"	"62.1302951242"	"10124450.0"	"-"	"-0.734375000086"
"2016-11-15"	"2016-11-12"	"63.68"	"63.73"	"63.08"	"63.65"	"7290447.0"	"0.0"	"1.0"	"62.2769902961"	"62.3258886867"	"61.6902096086"	"62.2476512617"	"7290447.0"	"-"	"-0.0471105528069"
"2016-11-16"	"2016-11-13"	"63.7"	"63.95"	"62.45"	"62.63"	"10761213.0"	"0.0"	"1.0"	"62.2965496524"	"62.5410416055"	"61.0740898868"	"61.250124093"	"10761213.0"	"-"	"-1.67974882275"
"2016-11-17"	"2016-11-14"	"62.51"	"62.79"	"62.115"	"62.7"	"8360674.0"	"0.0"	"1.0"	"61.1327679556"	"61.406598943"	"60.7464706696"	"61.3185818399"	"8360674.0"	"+"	"0.303951367677"
"2016-11-18"	"2016-11-15"	"62.57"	"62.62"	"61.73"	"61.87"	"7696863.0"	"0.0"	"1.0"	"61.1914460243"	"61.2403444149"	"60.3699530618"	"60.5068685556"	"7696863.0"	"-"	"-1.11874700334"
"2016-11-21"	"2016-11-18"	"61.94"	"62.39"	"61.72"	"62.3"	"6836678.0"	"0.0"	"1.0"	"60.5753263025"	"61.0154118181"	"60.3601733837"	"60.9273947149"	"6836678.0"	"+"	"0.581207620149"
"2016-11-22"	"2016-11-19"	"62.5"	"62.65"	"61.205"	"61.7"	"9592213.0"	"0.0"	"1.0"	"61.1229882774"	"61.2696834493"	"59.8565199603"	"60.3406140275"	"9592213.0"	"-"	"-1.27999999992"
"2016-11-23"	"2016-11-20"	"60.33"	"61.7"	"59.82"	"61.64"	"10242975.0"	"0.0"	"1.0"	"59.0007981244"	"60.3406140275"	"58.5020345401"	"60.2819359587"	"10242975.0"	"+"	"2.17139068458"
"2016-11-25"	"2016-11-22"	"61.82"	"62.4"	"61.75"	"62.21"	"3501268.0"	"0.0"	"1.0"	"60.457970165"	"61.0251914962"	"60.3895124181"	"60.8393776118"	"3501268.0"	"+"	"0.630863798039"
"2016-11-28"	"2016-11-25"	"61.78"	"62.06"	"61.62"	"61.8"	"7449431.0"	"0.0"	"1.0"	"60.4188514525"	"60.69268244"	"60.2623766025"	"60.4384108087"	"7449431.0"	"+"	"0.0323729361446"
"2016-11-29"	"2016-11-26"	"61.95"	"62.46"	"61.915"	"62.19"	"10034927.0"	"0.0"	"1.0"	"60.5851059806"	"61.0838695649"	"60.5508771071"	"60.8198182556"	"10034927.0"	"+"	"0.387409200993"
"2016-11-30"	"2016-11-27"	"62.31"	"62.32"	"60.99"	"61.19"	"12530631.0"	"0.0"	"1.0"	"60.9371743931"	"60.9469540712"	"59.6462568806"	"59.8418504431"	"12530631.0"	"-"	"-1.79746429156"
"2016-12-01"	"2016-11-28"	"61.3"	"61.37"	"60.65"	"60.76"	"8398535.0"	"0.0"	"1.0"	"59.9494269025"	"60.0178846494"	"59.3137478244"	"59.4213242838"	"8398535.0"	"-"	"-0.880913539939"
"2016-12-02"	"2016-11-29"	"61.05"	"61.52"	"60.625"	"61.13"	"7993092.0"	"0.0"	"1.0"	"59.7049349494"	"60.1645798212"	"59.2892986291"	"59.7831723744"	"7993092.0"	"+"	"0.131040131048"
"2016-12-05"	"2016-12-02"	"61.52"	"61.53"	"59.84"	"60.25"	"12985234.0"	"0.0"	"1.0"	"60.1645798212"	"60.1743594994"	"58.5215938963"	"58.9225606994"	"12985234.0"	"-"	"-2.0643693108"
"2016-12-06"	"2016-12-03"	"60.18"	"60.39"	"59.61"	"60.28"	"10659613.0"	"0.0"	"1.0"	"58.8541029526"	"59.0594761932"	"58.2966612995"	"58.9518997338"	"10659613.0"	"+"	"0.166168162105"
"2016-12-07"	"2016-12-04"	"59.7"	"60.06"	"58.62"	"60.06"	"14049574.0"	"0.0"	"1.0"	"58.3846784026"	"58.7367468151"	"57.3284731652"	"58.7367468151"	"14049574.0"	"+"	"0.603015075415"
"2016-12-08"	"2016-12-05"	"59.73"	"60.355"	"59.5"	"60.12"	"8586550.0"	"0.0"	"1.0"	"58.414017437"	"59.0252473197"	"58.1890848401"	"58.7954248838"	"8586550.0"	"+"	"0.652938221911"
"2016-12-09"	"2016-12-06"	"60.49"	"61.51"	"60.4"	"61.23"	"10516352.0"	"0.0"	"1.0"	"59.1572729744"	"60.1548001431"	"59.0692558713"	"59.8809691556"	"10516352.0"	"+"	"1.22334270127"
"2016-12-12"	"2016-12-09"	"61.44"	"62.1"	"61.3"	"61.72"	"8246003.0"	"0.0"	"1.0"	"60.0863423962"	"60.7318011524"	"59.9494269025"	"60.3601733837"	"8246003.0"	"+"	"0.455729166695"
"2016-12-13"	"2016-12-10"	"61.8"	"61.96"	"61.25"	"61.79"	"7842165.0"	"0.47"	"1.0"	"60.8981300688"	"61.0557951305"	"60.3561564193"	"60.8882760024"	"7842165.0"	"-"	"-0.0161812298487"
"2016-12-14"	"2016-12-11"	"61.85"	"62.76"	"61.59"	"61.8"	"11080414.0"	"0.0"	"1.0"	"60.9474004006"	"61.8441204388"	"60.6911946754"	"60.8981300688"	"11080414.0"	"-"	"-0.0808407437826"
"2016-12-15"	"2016-12-12"	"62.0"	"62.635"	"61.84"	"62.37"	"8509404.0"	"0.0"	"1.0"	"61.0952113959"	"61.7209446094"	"60.9375463342"	"61.459811851"	"8509404.0"	"+"	"0.596774193541"
"2016-12-16"	"2016-12-13"	"62.66"	"63.03"	"62.05"	"62.44"	"17563691.0"	"0.0"	"1.0"	"61.7455797753"	"62.1101802304"	"61.1444817276"	"61.5287903155"	"17563691.0"	"-"	"-0.35110118099"
"2016-12-19"	"2016-12-16"	"61.8"	"62.27"	"60.87"	"61.14"	"11938924.0"	"0.0"	"1.0"	"60.8981300688"	"61.3612711874"	"59.9817018979"	"60.2477616894"	"11938924.0"	"-"	"-1.06796116509"
"2016-12-20"	"2016-12-17"	"61.19"	"61.68"	"60.37"	"60.5"	"10377123.0"	"0.0"	"1.0"	"60.2970320212"	"60.7798812725"	"59.4889985801"	"59.6171014428"	"10377123.0"	"-"	"-1.12763523445"
"2016-12-21"	"2016-12-18"	"60.59"	"60.805"	"59.34"	"59.43"	"12052119.0"	"0.0"	"1.0"	"59.7057880399"	"59.9176504666"	"58.4740297457"	"58.5627163429"	"12052119.0"	"-"	"-1.91450734431"
"2016-12-22"	"2016-12-19"	"59.62"	"60.0"	"59.16"	"59.58"	"10100023.0"	"0.0"	"1.0"	"58.7499436036"	"59.124398125"	"58.2966565513"	"58.7105273382"	"10100023.0"	"-"	"-0.0670915799783"
"2016-12-23"	"2016-12-20"	"59.77"	"59.86"	"59.25"	"59.56"	"7591338.0"	"0.0"	"1.0"	"58.8977545989"	"58.9864411961"	"58.3853431485"	"58.6908192055"	"7591338.0"	"-"	"-0.351346829449"
"2016-12-27"	"2016-12-24"	"59.87"	"60.14"	"59.56"	"59.79"	"5815612.0"	"0.0"	"1.0"	"58.9962952624"	"59.262355054"	"58.6908192055"	"58.9174627316"	"5815612.0"	"-"	"-0.133622849451"
"2016-12-28"	"2016-12-25"	"59.72"	"59.86"	"59.21"	"59.27"	"6174639.0"	"0.0"	"1.0"	"58.8484842671"	"58.9864411961"	"58.3459268831"	"58.4050512812"	"6174639.0"	"-"	"-0.753516409849"
"2016-12-29"	"2016-12-26"	"59.29"	"59.585"	"58.98"	"59.04"	"6520112.0"	"0.0"	"1.0"	"58.4247594139"	"58.7154543713"	"58.1192833569"	"58.178407755"	"6520112.0"	"-"	"-0.42165626589"
"2016-12-30"	"2016-12-27"	"58.78"	"58.95"	"58.56"	"58.87"	"10772542.0"	"0.0"	"1.0"	"57.9222020298"	"58.0897211579"	"57.70541257"	"58.010888627"	"10772542.0"	"+"	"0.153113303866"
"2017-01-03"	"2016-12-31"	"59.15"	"60.38"	"59.05"	"60.15"	"11988657.0"	"0.0"	"1.0"	"58.2868024849"	"59.4988526465"	"58.1882618214"	"59.2722091204"	"11988657.0"	"+"	"1.69061707538"
"2017-01-04"	"2017-01-01"	"60.5"	"60.79"	"60.04"	"60.13"	"9411941.0"	"0.0"	"1.0"	"59.6171014428"	"59.902869367"	"59.1638143905"	"59.2525009876"	"9411941.0"	"-"	"-0.611570248094"
"2017-01-05"	"2017-01-02"	"60.22"	"60.58"	"60.0"	"60.11"	"10096429.0"	"0.0"	"1.0"	"59.3411875848"	"59.6959339736"	"59.124398125"	"59.2327928549"	"10096429.0"	"-"	"-0.182663566928"
"2017-01-06"	"2017-01-03"	"60.09"	"60.46"	"59.53"	"60.27"	"10238738.0"	"0.0"	"1.0"	"59.2130847222"	"59.5776851773"	"58.6612570064"	"59.3904579166"	"10238738.0"	"+"	"0.299550674031"
"2017-01-09"	"2017-01-06"	"60.3"	"61.48"	"60.08"	"61.1"	"9734337.0"	"0.0"	"1.0"	"59.4200201157"	"60.5827999455"	"59.2032306559"	"60.208345424"	"9734337.0"	"+"	"1.3266998341"
"2017-01-10"	"2017-01-07"	"61.2"	"61.24"	"59.89"	"59.92"	"15302218.0"	"0.0"	"1.0"	"60.3068860875"	"60.346302353"	"59.0160033951"	"59.0455655942"	"15302218.0"	"-"	"-2.09150326792"
"2017-01-11"	"2017-01-08"	"62.34"	"63.16"	"60.75"	"61.63"	"32711722.0"	"0.0"	"1.0"	"61.4302496519"	"62.238283093"	"59.8634531016"	"60.7306109408"	"32711722.0"	"-"	"-1.13891562392"
"2017-01-12"	"2017-01-09"	"62.53"	"63.24"	"62.12"	"62.21"	"24885363.0"	"0.0"	"1.0"	"61.6174769126"	"62.3171156238"	"61.2134601921"	"61.3021467893"	"24885363.0"	"-"	"-0.511754357854"
"2017-01-13"	"2017-01-10"	"62.33"	"62.68"	"62.1"	"62.34"	"9968905.0"	"0.0"	"1.0"	"61.4203955856"	"61.765287908"	"61.1937520594"	"61.4302496519"	"9968905.0"	"+"	"0.016043638609"
"2017-01-17"	"2017-01-14"	"61.92"	"62.07"	"61.2"	"61.48"	"10592686.0"	"0.0"	"1.0"	"61.016378865"	"61.1641898604"	"60.3068860875"	"60.5827999455"	"10592686.0"	"-"	"-0.710594315109"
"2017-01-18"	"2017-01-15"	"61.38"	"61.78"	"61.08"	"61.17"	"8131512.0"	"0.0"	"1.0"	"60.4842592819"	"60.8784219361"	"60.1886372913"	"60.2773238885"	"8131512.0"	"-"	"-0.34213098723"
"2017-01-19"	"2017-01-16"	"61.05"	"61.08"	"60.07"	"60.33"	"11397928.0"	"0.0"	"1.0"	"60.1590750922"	"60.1886372913"	"59.1933765895"	"59.4495823147"	"11397928.0"	"-"	"-1.17936117936"
"2017-01-20"	"2017-01-17"	"62.4"	"62.92"	"62.15"	"62.53"	"25239797.0"	"0.0"	"1.0"	"61.48937405"	"62.0017855005"	"61.2430223912"	"61.6174769126"	"25239797.0"	"+"	"0.208333333327"
"2017-01-23"	"2017-01-20"	"61.81"	"62.4"	"61.63"	"61.81"	"10200796.0"	"0.0"	"1.0"	"60.9079841351"	"61.48937405"	"60.7306109408"	"60.9079841351"	"10200796.0"	"-"	"0.0"
"2017-01-24"	"2017-01-21"	"61.59"	"61.69"	"60.7339"	"61.21"	"10487452.0"	"0.0"	"1.0"	"60.6911946754"	"60.7897353389"	"59.8475880548"	"60.3167401539"	"10487452.0"	"-"	"-0.616983276574"
"2017-01-25"	"2017-01-22"	"61.32"	"61.38"	"60.76"	"61.08"	"14556969.0"	"0.0"	"1.0"	"60.4251348838"	"60.4842592819"	"59.873307168"	"60.1886372913"	"14556969.0"	"-"	"-0.391389432485"
"2017-01-26"	"2017-01-23"	"61.02"	"61.355"	"60.54"	"61.2"	"12707418.0"	"0.0"	"1.0"	"60.1295128932"	"60.459624116"	"59.6565177082"	"60.3068860875"	"12707418.0"	"+"	"0.294985250612"
"2017-01-27"	"2017-01-24"	"61.38"	"61.99"	"61.3"	"61.75"	"6652609.0"	"0.0"	"1.0"	"60.4842592819"	"61.0853573295"	"60.4054267511"	"60.848859737"	"6652609.0"	"+"	"0.602802215698"
"2017-01-30"	"2017-01-27"	"61.52"	"61.71"	"60.925"	"61.43"	"7853564.0"	"0.0"	"1.0"	"60.6222162109"	"60.8094434716"	"60.0358992628"	"60.5335296137"	"7853564.0"	"-"	"-0.146293888187"
"2017-01-31"	"2017-01-28"	"61.06"	"62.24"	"60.92"	"61.99"	"9819784.0"	"0.0"	"1.0"	"60.1689291586"	"61.3317089884"	"60.0309722296"	"61.0853573295"	"9819784.0"	"+"	"1.52309204055"
"2017-02-01"	"2017-01-29"	"62.06"	"62.27"	"61.56"	"62.1"	"11017245.0"	"0.0"	"1.0"	"61.154335794"	"61.3612711874"	"60.6616324763"	"61.1937520594"	"11017245.0"	"+"	"0.0644537544039"
"2017-02-02"	"2017-01-30"	"62.64"	"64.21"	"62.53"	"64.18"	"18990180.0"	"0.0"	"1.0"	"61.7258716425"	"63.2729600601"	"61.6174769126"	"63.2433978611"	"18990180.0"	"+"	"2.45849297583"
"2017-02-03"	"2017-01-31"	"63.86"	"64.33"	"63.27"	"64.29"	"11650328.0"	"0.0"	"1.0"	"62.9280677378"	"63.3912088564"	"62.3466778229"	"63.351792591"	"11650328.0"	"+"	"0.67334794859"
"2017-02-06"	"2017-02-03"	"63.92"	"64.95"	"63.9"	"64.94"	"9158765.0"	"0.0"	"1.0"	"62.9871921359"	"64.0021609704"	"62.9674840032"	"63.992306904"	"9158765.0"	"+"	"1.59574468081"
"2017-02-07"	"2017-02-04"	"64.76"	"64.93"	"64.05"	"64.2"	"8435219.0"	"0.0"	"1.0"	"63.8149337096"	"63.9824528377"	"63.1152949985"	"63.2631059938"	"8435219.0"	"-"	"-0.864731315574"
"2017-02-08"	"2017-02-05"	"63.9"	"64.48"	"63.83"	"64.32"	"5906828.0"	"0.0"	"1.0"	"62.9674840032"	"63.5390198517"	"62.8985055387"	"63.38135479"	"5906828.0"	"+"	"0.657276995185"
"2017-02-09"	"2017-02-06"	"64.34"	"64.82"	"64.295"	"64.39"	"7052880.0"	"0.0"	"1.0"	"63.4010629228"	"63.8740581078"	"63.3567196242"	"63.4503332545"	"7052880.0"	"+"	"0.0777121540691"
"2017-02-10"	"2017-02-07"	"64.32"	"64.57"	"63.96"	"64.15"	"8531370.0"	"0.0"	"1.0"	"63.38135479"	"63.6277064489"	"63.0266084013"	"63.213835662"	"8531370.0"	"-"	"-0.264303482554"
"2017-02-13"	"2017-02-10"	"64.25"	"64.83"	"64.22"	"64.77"	"7151139.0"	"0.0"	"1.0"	"63.3123763256"	"63.8839121741"	"63.2828141265"	"63.824787776"	"7151139.0"	"+"	"0.809338521373"
"2017-02-14"	"2017-02-11"	"64.64"	"65.72"	"64.43"	"65.66"	"10135864.0"	"0.0"	"1.0"	"63.6966849134"	"64.7609240796"	"63.4897495199"	"64.7017996815"	"10135864.0"	"+"	"1.57797029699"
"2017-02-15"	"2017-02-12"	"64.9"	"65.87"	"64.85"	"65.16"	"17807287.0"	"0.0"	"1.0"	"63.9528906386"	"64.9087350749"	"63.9036203068"	"64.2090963638"	"17807287.0"	"+"	"0.400616332806"
"2017-02-16"	"2017-02-13"	"65.14"	"65.41"	"64.46"	"65.26"	"12346265.0"	"0.0"	"1.0"	"64.1893882311"	"64.4554480227"	"63.519311719"	"64.3076370273"	"12346265.0"	"+"	"0.184218606001"
"2017-02-17"	"2017-02-14"	"65.2"	"65.56"	"64.86"	"65.39"	"9048256.0"	"0.0"	"1.0"	"64.2485126292"	"64.603259018"	"63.9134743732"	"64.4357398899"	"9048256.0"	"+"	"0.291411042899"
"2017-02-21"	"2017-02-18"	"64.9"	"65.78"	"64.9"	"65.48"	"7386072.0"	"0.0"	"1.0"	"63.9528906386"	"64.8200484778"	"63.9528906386"	"64.5244264871"	"7386072.0"	"+"	"0.893682588532"
"2017-02-22"	"2017-02-19"	"65.5"	"65.75"	"65.09"	"65.29"	"8679633.0"	"0.0"	"1.0"	"64.5441346198"	"64.7904862787"	"64.1401178993"	"64.3371992264"	"8679633.0"	"-"	"-0.320610686965"
"2017-02-23"	"2017-02-20"	"65.52"	"66.11"	"65.345"	"65.85"	"6855571.0"	"0.0"	"1.0"	"64.5638427525"	"65.1452326674"	"64.3913965913"	"64.8890269422"	"6855571.0"	"+"	"0.503663003682"
"2017-02-24"	"2017-02-21"	"65.65"	"66.16"	"65.63"	"66.16"	"8444253.0"	"0.0"	"1.0"	"64.6919456152"	"65.1945029992"	"64.6722374824"	"65.1945029992"	"8444253.0"	"+"	"0.776846915363"
"2017-02-27"	"2017-02-24"	"65.78"	"65.94"	"65.56"	"65.85"	"7134363.0"	"0.0"	"1.0"	"64.8200484778"	"64.9777135394"	"64.603259018"	"64.8890269422"	"7134363.0"	"+"	"0.106415323684"
"2017-02-28"	"2017-02-25"	"65.81"	"66.15"	"65.65"	"65.87"	"7740372.0"	"0.0"	"1.0"	"64.8496106768"	"65.1846489329"	"64.6919456152"	"64.9087350749"	"7740372.0"	"+"	"0.0911715544364"
"2017-03-01"	"2017-02-26"	"66.07"	"66.8"	"65.89"	"66.21"	"10680729.0"	"0.0"	"1.0"	"65.105816402"	"65.8251632459"	"64.9284432077"	"65.243773331"	"10680729.0"	"+"	"0.211896473501"
"2017-03-02"	"2017-02-27"	"66.38"	"66.58"	"66.0"	"66.08"	"8647430.0"	"0.0"	"1.0"	"65.411292459"	"65.6083737861"	"65.0368379375"	"65.1156704684"	"8647430.0"	"-"	"-0.451943356394"
"2017-03-03"	"2017-02-28"	"65.86"	"66.62"	"65.81"	"66.58"	"8322960.0"	"0.0"	"1.0"	"64.8988810086"	"65.6477900515"	"64.8496106768"	"65.6083737861"	"8322960.0"	"+"	"1.09322805952"
"2017-03-06"	"2017-03-03"	"66.08"	"66.78"	"65.9"	"66.47"	"8687456.0"	"0.0"	"1.0"	"65.1156704684"	"65.8054551132"	"64.938297274"	"65.4999790562"	"8687456.0"	"+"	"0.590193704581"
"2017-03-07"	"2017-03-04"	"65.43"	"66.31"	"65.19"	"65.96"	"8328169.0"	"0.0"	"1.0"	"64.4751561554"	"65.3423139945"	"64.2386585629"	"64.9974216721"	"8328169.0"	"+"	"0.810025981855"
"2017-03-08"	"2017-03-05"	"65.96"	"66.12"	"65.27"	"65.8"	"8418318.0"	"0.0"	"1.0"	"64.9974216721"	"65.1550867338"	"64.3174910937"	"64.8397566105"	"8418318.0"	"-"	"-0.242571255204"
"2017-03-09"	"2017-03-06"	"65.97"	"66.03"	"65.515"	"65.89"	"7735152.0"	"0.0"	"1.0"	"65.0072757385"	"65.0664001366"	"64.5589157194"	"64.9284432077"	"7735152.0"	"-"	"-0.121267242635"
"2017-03-10"	"2017-03-07"	"66.07"	"66.1969"	"65.5"	"65.6"	"8822705.0"	"0.0"	"1.0"	"65.105816402"	"65.2308645041"	"64.5441346198"	"64.6426752834"	"8822705.0"	"-"	"-0.711366732183"
"2017-03-13"	"2017-03-10"	"65.24"	"65.29"	"64.01"	"64.15"	"14198551.0"	"0.47"	"1.0"	"64.7589394415"	"64.8085707562"	"63.5380090995"	"63.6769767807"	"14198551.0"	"-"	"-1.67075413855"
"2017-03-14"	"2017-03-11"	"64.13"	"64.51"	"64.05"	"64.2"	"7893626.0"	"0.0"	"1.0"	"63.6571242548"	"64.0343222466"	"63.5777141512"	"63.7266080954"	"7893626.0"	"+"	"0.109153282391"
"2017-03-15"	"2017-03-12"	"64.4"	"64.97"	"64.22"	"64.7"	"9024954.0"	"0.0"	"1.0"	"63.9251333543"	"64.490930342"	"63.7464606213"	"64.2229212425"	"9024954.0"	"+"	"0.465838509166"
"2017-03-16"	"2017-03-13"	"64.57"	"64.79"	"63.99"	"64.18"	"9613228.0"	"0.0"	"1.0"	"64.0938798243"	"64.312257609"	"63.5181565736"	"63.7067555695"	"9613228.0"	"-"	"-0.603995663644"
"2017-03-17"	"2017-03-14"	"64.25"	"64.6953"	"63.89"	"63.9"	"14449174.0"	"0.0"	"1.0"	"63.7762394101"	"64.218255899"	"63.4188939441"	"63.4288202071"	"14449174.0"	"-"	"-0.544747081693"
"2017-03-20"	"2017-03-17"	"64.14"	"64.3"	"64.0"	"64.11"	"12971169.0"	"0.0"	"1.0"	"63.6670505177"	"63.8258707248"	"63.5280828365"	"63.6372717289"	"12971169.0"	"-"	"-0.0467726847056"
"2017-03-21"	"2017-03-18"	"64.28"	"64.605"	"63.62"	"63.91"	"10550684.0"	"0.0"	"1.0"	"63.8060181989"	"64.1286217446"	"63.1508848447"	"63.43874647"	"10550684.0"	"-"	"-0.5756067206"
"2017-03-22"	"2017-03-19"	"63.98"	"64.11"	"63.25"	"63.5"	"9549029.0"	"0.0"	"1.0"	"63.5082303106"	"63.6372717289"	"62.7836131158"	"63.0317696894"	"9549029.0"	"-"	"-0.750234448149"
"2017-03-23"	"2017-03-20"	"63.36"	"63.82"	"63.19"	"63.28"	"9461008.0"	"0.0"	"1.0"	"62.8928020082"	"63.3494101035"	"62.7240555381"	"62.8133919046"	"9461008.0"	"-"	"-0.126262626349"
"2017-03-24"	"2017-03-21"	"63.16"	"63.53"	"62.86"	"63.18"	"9136520.0"	"0.0"	"1.0"	"62.6942767493"	"63.0615484782"	"62.396488861"	"62.7141292752"	"9136520.0"	"+"	"0.031665611168"
"2017-03-27"	"2017-03-24"	"62.92"	"63.4099"	"62.81"	"63.19"	"8015894.0"	"0.0"	"1.0"	"62.4560464387"	"62.9423340602"	"62.3468575463"	"62.7240555381"	"8015894.0"	"+"	"0.4291163381"
"2017-03-28"	"2017-03-25"	"63.2"	"63.4"	"62.88"	"63.34"	"10184989.0"	"0.0"	"1.0"	"62.7339818011"	"62.9325070599"	"62.4163413869"	"62.8729494823"	"10184989.0"	"+"	"0.221518987334"
"2017-03-29"	"2017-03-26"	"63.67"	"64.105"	"63.46"	"63.64"	"8135333.0"	"0.0"	"1.0"	"63.2005161594"	"63.6323085974"	"62.9920646376"	"63.1707373706"	"8135333.0"	"-"	"-0.0471179518928"
"2017-03-30"	"2017-03-27"	"63.5"	"63.68"	"63.315"	"63.45"	"5321972.0"	"0.0"	"1.0"	"63.0317696894"	"63.2104424223"	"62.8481338249"	"62.9821383746"	"5321972.0"	"-"	"-0.0787401576135"
"2017-03-31"	"2017-03-28"	"63.26"	"63.63"	"63.25"	"63.54"	"7614025.0"	"0.0"	"1.0"	"62.7935393787"	"63.1608111076"	"62.7836131158"	"63.0714747411"	"7614025.0"	"+"	"0.442617767926"
"2017-04-03"	"2017-03-31"	"63.43"	"63.71"	"63.22"	"63.47"	"6643587.0"	"0.0"	"1.0"	"62.9622858488"	"63.2402212112"	"62.753834327"	"63.0019909005"	"6643587.0"	"+"	"0.0630616426401"
"2017-04-04"	"2017-04-01"	"63.59"	"63.765"	"63.37"	"63.67"	"6345621.0"	"0.0"	"1.0"	"63.1211060559"	"63.2948156574"	"62.9027282711"	"63.2005161594"	"6345621.0"	"+"	"0.125805944258"
"2017-04-05"	"2017-04-02"	"63.69"	"64.15"	"63.51"	"63.57"	"7713310.0"	"0.0"	"1.0"	"63.2203686853"	"63.6769767807"	"63.0416959523"	"63.10125353"	"7713310.0"	"-"	"-0.188412623617"
"2017-04-06"	"2017-04-03"	"63.48"	"63.97"	"63.19"	"63.24"	"7552664.0"	"0.0"	"1.0"	"63.0119171635"	"63.4983040477"	"62.7240555381"	"62.7736868528"	"7552664.0"	"-"	"-0.378071833748"
"2017-04-07"	"2017-04-04"	"63.28"	"63.3317"	"62.945"	"63.13"	"7721053.0"	"0.0"	"1.0"	"62.8133919046"	"62.864710684"	"62.480862096"	"62.6644979605"	"7721053.0"	"-"	"-0.237041719266"
"2017-04-10"	"2017-04-07"	"63.27"	"63.33"	"62.53"	"62.55"	"7247668.0"	"0.0"	"1.0"	"62.8034656417"	"62.8630232193"	"62.0689221839"	"62.0887747098"	"7247668.0"	"-"	"-1.13798008533"
"2017-04-11"	"2017-04-08"	"62.49"	"62.755"	"62.18"	"62.58"	"6544754.0"	"0.0"	"1.0"	"62.0292171321"	"62.2922631001"	"61.7215029809"	"62.1185534986"	"6544754.0"	"+"	"0.144023043705"
"2017-04-12"	"2017-04-09"	"62.37"	"63.21"	"62.28"	"63.05"	"9509164.0"	"0.0"	"1.0"	"61.9101019768"	"62.743908064"	"61.8207656103"	"62.5850878569"	"9509164.0"	"+"	"1.09026775687"
"2017-04-13"	"2017-04-10"	"62.79"	"63.0"	"62.56"	"62.61"	"5932538.0"	"0.0"	"1.0"	"62.3270050204"	"62.5354565422"	"62.0987009727"	"62.1483322874"	"5932538.0"	"-"	"-0.286669851923"
"2017-04-17"	"2017-04-14"	"62.71"	"62.84"	"62.39"	"62.8"	"5334438.0"	"0.0"	"1.0"	"62.2475949168"	"62.3766363351"	"61.9299545027"	"62.3369312833"	"5334438.0"	"+"	"0.143517780276"
"2017-04-18"	"2017-04-15"	"62.46"	"62.46"	"61.99"	"62.27"	"7394709.0"	"0.0"	"1.0"	"61.9994383433"	"61.9994383433"	"61.5329039849"	"61.8108393473"	"7394709.0"	"-"	"-0.304194684726"
"2017-04-19"	"2017-04-16"	"62.26"	"62.64"	"62.0"	"62.64"	"10349052.0"	"0.0"	"1.0"	"61.8009130844"	"62.1781110762"	"61.5428302479"	"62.1781110762"	"10349052.0"	"+"	"0.610343719817"
"2017-04-20"	"2017-04-17"	"62.659"	"62.75"	"62.25"	"62.55"	"8962257.0"	"0.0"	"1.0"	"62.1969709758"	"62.2872999686"	"61.7909868215"	"62.0887747098"	"8962257.0"	"-"	"-0.173957452111"
"2017-04-21"	"2017-04-18"	"62.36"	"62.63"	"61.87"	"61.89"	"10498395.0"	"0.0"	"1.0"	"61.9001757138"	"62.1681848133"	"61.4137888296"	"61.4336413555"	"10498395.0"	"-"	"-0.753688261657"
"2017-04-24"	"2017-04-21"	"62.5"	"62.52"	"62.02"	"62.14"	"8846263.0"	"0.0"	"1.0"	"62.039143395"	"62.0589959209"	"61.5626827738"	"61.6817979291"	"8846263.0"	"-"	"-0.575999999911"
"2017-04-25"	"2017-04-22"	"62.49"	"62.93"	"62.25"	"62.3"	"7673073.0"	"0.0"	"1.0"	"62.0292171321"	"62.4659727016"	"61.7909868215"	"61.8406181362"	"7673073.0"	"-"	"-0.30404864775"
"2017-04-26"	"2017-04-23"	"62.63"	"62.88"	"62.43"	"62.7"	"8611372.0"	"0.0"	"1.0"	"62.1681848133"	"62.4163413869"	"61.9696595544"	"62.2376686539"	"8611372.0"	"+"	"0.111767523547"
"2017-04-27"	"2017-04-24"	"62.78"	"62.91"	"62.45"	"62.58"	"6595429.0"	"0.0"	"1.0"	"62.3170787575"	"62.4461201757"	"61.9895120803"	"62.1185534986"	"6595429.0"	"-"	"-0.318572793941"
"2017-04-28"	"2017-04-25"	"62.58"	"62.65"	"62.14"	"62.33"	"9419204.0"	"0.0"	"1.0"	"62.1185534986"	"62.1880373392"	"61.6817979291"	"61.870396925"	"9419204.0"	"-"	"-0.399488654554"
"2017-05-01"	"2017-04-28"	"62.25"	"62.495"	"62.1"	"62.38"	"10208322.0"	"0.0"	"1.0"	"61.7909868215"	"62.0341802636"	"61.6420928773"	"61.9200282397"	"10208322.0"	"+"	"0.208835341266"
"2017-05-02"	"2017-04-29"	"62.51"	"63.24"	"62.31"	"62.7"	"12744579.0"	"0.0"	"1.0"	"62.049069658"	"62.7736868528"	"61.8505443991"	"62.2376686539"	"12744579.0"	"+"	"0.303951367747"
"2017-05-03"	"2017-04-30"	"62.5"	"63.67"	"62.38"	"63.63"	"11361884.0"	"0.0"	"1.0"	"62.039143395"	"63.2005161594"	"61.9200282397"	"63.1608111076"	"11361884.0"	"+"	"1.80800000003"
"2017-05-04"	"2017-05-01"	"63.67"	"63.89"	"63.22"	"63.38"	"8521748.0"	"0.0"	"1.0"	"63.2005161594"	"63.4188939441"	"62.753834327"	"62.912654534"	"8521748.0"	"-"	"-0.455473535491"
"2017-05-05"	"2017-05-02"	"63.5"	"64.09"	"63.43"	"63.97"	"9240705.0"	"0.0"	"1.0"	"63.0317696894"	"63.617419203"	"62.9622858488"	"63.4983040477"	"9240705.0"	"+"	"0.740157480266"
"2017-05-08"	"2017-05-05"	"63.91"	"64.51"	"63.83"	"64.01"	"11030228.0"	"0.0"	"1.0"	"63.43874647"	"64.0343222466"	"63.3593363665"	"63.5380090995"	"11030228.0"	"+"	"0.156470036095"
"2017-05-09"	"2017-05-06"	"64.18"	"64.265"	"63.16"	"63.29"	"10149042.0"	"0.0"	"1.0"	"63.7067555695"	"63.7911288045"	"62.6942767493"	"62.8233181676"	"10149042.0"	"-"	"-1.38672483633"
"2017-05-10"	"2017-05-07"	"63.13"	"63.95"	"63.09"	"63.94"	"9518258.0"	"0.0"	"1.0"	"62.6644979605"	"63.4784515218"	"62.6247929087"	"63.4685252589"	"9518258.0"	"+"	"1.28306668779"
"2017-05-11"	"2017-05-08"	"64.75"	"65.25"	"64.305"	"64.43"	"18375115.0"	"0.0"	"1.0"	"64.2725525573"	"64.7688657044"	"63.8308338563"	"63.9549121431"	"18375115.0"	"-"	"-0.494208494235"
"2017-05-12"	"2017-05-09"	"64.39"	"64.67"	"63.27"	"63.57"	"10181441.0"	"0.0"	"1.0"	"63.9152070913"	"64.1931424537"	"62.8034656417"	"63.10125353"	"10181441.0"	"-"	"-1.27348967224"
"2017-05-15"	"2017-05-12"	"63.42"	"63.6"	"63.34"	"63.51"	"7516065.0"	"0.0"	"1.0"	"62.9523595858"	"63.1310323188"	"62.8729494823"	"63.0416959523"	"7516065.0"	"+"	"0.141911069081"
"2017-05-16"	"2017-05-13"	"63.44"	"63.87"	"63.14"	"63.79"	"7806575.0"	"0.0"	"1.0"	"62.9722121117"	"63.3990414183"	"62.6744242234"	"63.3196313147"	"7806575.0"	"+"	"0.551702395945"
"2017-05-17"	"2017-05-14"	"63.38"	"63.58"	"62.88"	"63.0"	"7748586.0"	"0.0"	"1.0"	"62.912654534"	"63.1111797929"	"62.4163413869"	"62.5354565422"	"7748586.0"	"-"	"-0.599558220193"
"2017-05-18"	"2017-05-15"	"62.91"	"64.5"	"62.91"	"63.89"	"11734566.0"	"0.0"	"1.0"	"62.4461201757"	"64.0243959837"	"62.4461201757"	"63.4188939441"	"11734566.0"	"+"	"1.55778095687"
"2017-05-19"	"2017-05-16"	"64.04"	"64.04"	"63.5"	"63.78"	"9218938.0"	"0.0"	"1.0"	"63.5677878883"	"63.5677878883"	"63.0317696894"	"63.3097050518"	"9218938.0"	"-"	"-0.405996252305"
"2017-05-22"	"2017-05-19"	"63.7"	"64.44"	"63.57"	"64.04"	"6036999.0"	"0.0"	"1.0"	"63.2302949482"	"63.964838406"	"63.10125353"	"63.5677878883"	"6036999.0"	"+"	"0.533751962373"
"2017-05-23"	"2017-05-20"	"64.0"	"64.59"	"64.0"	"64.55"	"5704358.0"	"0.0"	"1.0"	"63.5280828365"	"64.1137323502"	"63.5280828365"	"64.0740272984"	"5704358.0"	"+"	"0.859375000038"
"2017-05-24"	"2017-05-21"	"64.77"	"65.2"	"64.54"	"64.93"	"6955392.0"	"0.0"	"1.0"	"64.2924050832"	"64.7192343897"	"64.0641010355"	"64.4512252902"	"6955392.0"	"+"	"0.247027944894"
"2017-05-25"	"2017-05-22"	"64.96"	"65.12"	"64.66"	"65.04"	"7075616.0"	"0.0"	"1.0"	"64.4810040791"	"64.6398242862"	"64.1832161908"	"64.5604141826"	"7075616.0"	"+"	"0.123152709289"
"2017-05-26"	"2017-05-23"	"65.0"	"65.205"	"64.82"	"64.92"	"3663295.0"	"0.0"	"1.0"	"64.5207091308"	"64.7241975212"	"64.3420363979"	"64.4412990273"	"3663295.0"	"-"	"-0.123076923006"
"2017-05-30"	"2017-05-27"	"64.72"	"65.14"	"64.53"	"64.88"	"4618382.0"	"0.0"	"1.0"	"64.2427737684"	"64.659676812"	"64.0541747725"	"64.4015939755"	"4618382.0"	"+"	"0.247218788642"
"2017-05-31"	"2017-05-28"	"65.08"	"65.485"	"65.03"	"65.11"	"7591286.0"	"0.0"	"1.0"	"64.6001192344"	"65.0021328836"	"64.5504879197"	"64.6298980232"	"7591286.0"	"+"	"0.0460971112018"
"2017-06-01"	"2017-05-29"	"65.09"	"65.26"	"64.86"	"65.26"	"7504149.0"	"0.0"	"1.0"	"64.6100454973"	"64.7787919674"	"64.3817414496"	"64.7787919674"	"7504149.0"	"+"	"0.26117683218"
"2017-06-02"	"2017-05-30"	"65.46"	"65.58"	"65.18"	"65.47"	"6251913.0"	"0.0"	"1.0"	"64.9773172262"	"65.0964323816"	"64.6993818638"	"64.9872434892"	"6251913.0"	"+"	"0.0152765048231"
"2017-06-05"	"2017-06-02"	"65.35"	"65.3899"	"64.7"	"65.07"	"5958403.0"	"0.0"	"1.0"	"64.8681283339"	"64.907734123"	"64.2229212425"	"64.5901929714"	"5958403.0"	"-"	"-0.428462127147"
"2017-06-06"	"2017-06-03"	"65.0"	"65.04"	"64.46"	"64.67"	"6615280.0"	"0.0"	"1.0"	"64.5207091308"	"64.5604141826"	"63.9846909319"	"64.1931424537"	"6615280.0"	"-"	"-0.507692307653"
"2017-06-07"	"2017-06-04"	"64.6"	"64.65"	"63.995"	"64.06"	"7599580.0"	"0.0"	"1.0"	"64.1236586131"	"64.1732899278"	"63.5231197051"	"63.5876404142"	"7599580.0"	"-"	"-0.835913312642"
"2017-06-08"	"2017-06-05"	"64.24"	"64.25"	"62.83"	"63.2"	"18435158.0"	"0.0"	"1.0"	"63.7663131472"	"63.7762394101"	"62.3667100722"	"62.7339818011"	"18435158.0"	"-"	"-1.6189290162"
"2017-06-09"	"2017-06-06"	"63.2"	"64.44"	"63.14"	"64.39"	"10698271.0"	"0.0"	"1.0"	"62.7339818011"	"63.964838406"	"62.6744242234"	"63.9152070913"	"10698271.0"	"+"	"1.88291139234"
"2017-06-12"	"2017-06-09"	"64.56"	"64.68"	"64.2"	"64.39"	"9275936.0"	"0.0"	"1.0"	"64.0839535613"	"64.2030687167"	"63.7266080954"	"63.9152070913"	"9275936.0"	"-"	"-0.263320941706"
"2017-06-13"	"2017-06-10"	"63.73"	"63.84"	"63.03"	"63.27"	"11856015.0"	"0.47"	"1.0"	"63.73"	"63.84"	"63.03"	"63.27"	"11856015.0"	"-"	"-0.721795072964"
"2017-06-14"	"2017-06-11"	"63.02"	"63.635"	"63.02"	"63.37"	"10310113.0"	"0.0"	"1.0"	"63.02"	"63.635"	"63.02"	"63.37"	"10310113.0"	"+"	"0.555379244684"
"2017-06-15"	"2017-06-12"	"63.3"	"63.44"	"62.875"	"63.19"	"7845061.0"	"0.0"	"1.0"	"63.3"	"63.44"	"62.875"	"63.19"	"7845061.0"	"-"	"-0.173775671406"
"2017-06-16"	"2017-06-13"	"63.26"	"63.7095"	"62.69"	"62.97"	"14866681.0"	"0.0"	"1.0"	"63.26"	"63.7095"	"62.69"	"62.97"	"14866681.0"	"-"	"-0.458425545368"
"2017-06-19"	"2017-06-16"	"63.09"	"63.81"	"63.02"	"63.68"	"8169910.0"	"0.0"	"1.0"	"63.09"	"63.81"	"63.02"	"63.68"	"8169910.0"	"+"	"0.935171976541"
"2017-06-20"	"2017-06-17"	"63.68"	"64.96"	"63.575"	"64.53"	"10098317.0"	"0.0"	"1.0"	"63.68"	"64.96"	"63.575"	"64.53"	"10098317.0"	"+"	"1.33479899497"
"2017-06-21"	"2017-06-18"	"64.56"	"65.6"	"64.56"	"65.46"	"10861249.0"	"0.0"	"1.0"	"64.56"	"65.6"	"64.56"	"65.46"	"10861249.0"	"+"	"1.39405204461"
"2017-06-22"	"2017-06-19"	"65.51"	"66.37"	"65.38"	"66.02"	"12766941.0"	"0.0"	"1.0"	"65.51"	"66.37"	"65.38"	"66.02"	"12766941.0"	"+"	"0.778507098153"
"2017-06-23"	"2017-06-20"	"66.04"	"66.389"	"65.84"	"66.16"	"12172458.0"	"0.0"	"1.0"	"66.04"	"66.389"	"65.84"	"66.16"	"12172458.0"	"+"	"0.181708055724"
"2017-06-26"	"2017-06-23"	"66.15"	"66.4"	"65.83"	"65.92"	"7554932.0"	"0.0"	"1.0"	"66.15"	"66.4"	"65.83"	"65.92"	"7554932.0"	"-"	"-0.347694633409"
"2017-06-27"	"2017-06-24"	"66.27"	"66.27"	"65.54"	"65.54"	"8098420.0"	"0.0"	"1.0"	"66.27"	"66.27"	"65.54"	"65.54"	"8098420.0"	"-"	"-1.10155424777"
"2017-06-28"	"2017-06-25"	"65.76"	"65.9"	"65.14"	"65.16"	"6708289.0"	"0.0"	"1.0"	"65.76"	"65.9"	"65.14"	"65.16"	"6708289.0"	"-"	"-0.912408759124"
"2017-06-29"	"2017-06-26"	"65.01"	"65.08"	"64.09"	"64.34"	"8193280.0"	"0.0"	"1.0"	"65.01"	"65.08"	"64.09"	"64.34"	"8193280.0"	"-"	"-1.03061067528"
"2017-06-30"	"2017-06-27"	"64.49"	"64.73"	"64.0"	"64.09"	"8169972.0"	"0.0"	"1.0"	"64.49"	"64.73"	"64.0"	"64.09"	"8169972.0"	"-"	"-0.620251201737"
"2017-07-03"	"2017-06-30"	"63.85"	"64.63"	"63.85"	"64.27"	"4671419.0"	"0.0"	"1.0"	"63.85"	"64.63"	"63.85"	"64.27"	"4671419.0"	"+"	"0.657791699295"
"2017-07-05"	"2017-07-02"	"64.47"	"64.8"	"63.92"	"64.16"	"6455279.0"	"0.0"	"1.0"	"64.47"	"64.8"	"63.92"	"64.16"	"6455279.0"	"-"	"-0.480843803319"
"2017-07-06"	"2017-07-03"	"63.77"	"63.91"	"62.99"	"63.1"	"10728353.0"	"0.0"	"1.0"	"63.77"	"63.91"	"62.99"	"63.1"	"10728353.0"	"-"	"-1.05065077623"
"2017-07-07"	"2017-07-04"	"63.21"	"63.335"	"62.81"	"63.16"	"6896291.0"	"0.0"	"1.0"	"63.21"	"63.335"	"62.81"	"63.16"	"6896291.0"	"-"	"-0.0791014080051"
"2017-07-10"	"2017-07-07"	"63.39"	"63.4"	"62.61"	"62.83"	"6522710.0"	"0.0"	"1.0"	"63.39"	"63.4"	"62.61"	"62.83"	"6522710.0"	"-"	"-0.883420097807"
"2017-07-11"	"2017-07-08"	"62.82"	"62.98"	"62.24"	"62.34"	"6823827.0"	"0.0"	"1.0"	"62.82"	"62.98"	"62.24"	"62.34"	"6823827.0"	"-"	"-0.764087870105"
"2017-07-12"	"2017-07-09"	"62.66"	"63.13"	"62.66"	"62.78"	"8192012.0"	"0.0"	"1.0"	"62.66"	"63.13"	"62.66"	"62.78"	"8192012.0"	"+"	"0.191509735078"
"2017-07-13"	"2017-07-10"	"62.79"	"62.99"	"62.2764"	"62.89"	"6789967.0"	"0.0"	"1.0"	"62.79"	"62.99"	"62.2764"	"62.89"	"6789967.0"	"+"	"0.159261028826"
"2017-07-14"	"2017-07-11"	"62.93"	"63.395"	"62.86"	"63.06"	"5814602.0"	"0.0"	"1.0"	"62.93"	"63.395"	"62.86"	"63.06"	"5814602.0"	"+"	"0.206578738281"
"2017-07-17"	"2017-07-14"	"63.15"	"63.31"	"62.53"	"62.61"	"7384842.0"	"0.0"	"1.0"	"63.15"	"63.31"	"62.53"	"62.61"	"7384842.0"	"-"	"-0.855106888361"
"2017-07-18"	"2017-07-15"	"62.5"	"62.63"	"62.27"	"62.41"	"6097512.0"	"0.0"	"1.0"	"62.5"	"62.63"	"62.27"	"62.41"	"6097512.0"	"-"	"-0.144"
"2017-07-19"	"2017-07-16"	"62.5"	"62.83"	"62.435"	"62.62"	"5512398.0"	"0.0"	"1.0"	"62.5"	"62.83"	"62.435"	"62.62"	"5512398.0"	"+"	"0.192"
"2017-07-20"	"2017-07-17"	"62.91"	"63.24"	"62.855"	"62.94"	"6527164.0"	"0.0"	"1.0"	"62.91"	"63.24"	"62.855"	"62.94"	"6527164.0"	"+"	"0.0476871721507"
"2017-07-21"	"2017-07-18"	"62.79"	"63.0"	"62.58"	"62.63"	"6831155.0"	"0.0"	"1.0"	"62.79"	"63.0"	"62.58"	"62.63"	"6831155.0"	"-"	"-0.254817646122"
"2017-07-24"	"2017-07-21"	"62.54"	"62.9"	"62.5"	"62.57"	"7624590.0"	"0.0"	"1.0"	"62.54"	"62.9"	"62.5"	"62.57"	"7624590.0"	"+"	"0.0479692996482"
"2017-07-25"	"2017-07-22"	"62.85"	"63.0"	"62.2499"	"62.36"	"5885647.0"	"0.0"	"1.0"	"62.85"	"63.0"	"62.2499"	"62.36"	"5885647.0"	"-"	"-0.779634049324"
"2017-07-26"	"2017-07-23"	"62.31"	"62.34"	"61.72"	"61.8"	"9148402.0"	"0.0"	"1.0"	"62.31"	"62.34"	"61.72"	"61.8"	"9148402.0"	"-"	"-0.818488204141"
"2017-07-27"	"2017-07-24"	"63.67"	"64.55"	"62.8"	"63.69"	"21643696.0"	"0.0"	"1.0"	"63.67"	"64.55"	"62.8"	"63.69"	"21643696.0"	"+"	"0.0314119679598"
"2017-07-28"	"2017-07-25"	"63.81"	"64.36"	"63.22"	"64.11"	"13263891.0"	"0.0"	"1.0"	"63.81"	"64.36"	"63.22"	"64.11"	"13263891.0"	"+"	"0.470145745181"
"2017-07-31"	"2017-07-28"	"64.25"	"64.31"	"63.51"	"63.88"	"11676502.0"	"0.0"	"1.0"	"64.25"	"64.31"	"63.51"	"63.88"	"11676502.0"	"-"	"-0.575875486381"
"2017-08-01"	"2017-07-29"	"64.04"	"64.27"	"63.77"	"63.92"	"6456627.0"	"0.0"	"1.0"	"64.04"	"64.27"	"63.77"	"63.92"	"6456627.0"	"-"	"-0.187382885696"
"2017-08-02"	"2017-07-30"	"63.95"	"63.96"	"63.17"	"63.44"	"6943684.0"	"0.0"	"1.0"	"63.95"	"63.96"	"63.17"	"63.44"	"6943684.0"	"-"	"-0.797498045348"
"2017-08-03"	"2017-07-31"	"63.21"	"63.73"	"63.18"	"63.52"	"6846117.0"	"0.0"	"1.0"	"63.21"	"63.73"	"63.18"	"63.52"	"6846117.0"	"+"	"0.490428729631"
"2017-08-04"	"2017-08-01"	"63.63"	"63.69"	"62.94"	"63.1"	"5321136.0"	"0.0"	"1.0"	"63.63"	"63.69"	"62.94"	"63.1"	"5321136.0"	"-"	"-0.832940436901"
